$ 1 0.000005 10.20027730826997 50 5 43 5e-11
t 352 304 320 304 0 1 0.5937224177557238 0.645187074427951 100 default
R 320 96 288 96 0 0 40 5 0 0 0.5
162 304 208 272 208 2 default-led 1 0 0 0.01
r 720 320 768 320 0 1000
g 304 336 304 368 0 0
s 256 432 304 432 0 1 true
r 320 128 320 176 0 1000
w 320 208 304 208 0
w 272 208 256 208 0
g 256 208 256 224 0 0
t 528 304 560 304 0 1 -1.593122541942904 0.051464658358521466 100 default
w 304 336 320 320 0
g 624 208 624 224 0 0
w 576 208 560 208 0
w 624 208 608 208 0
r 560 128 560 176 0 1000
162 576 208 608 208 2 default-led 1 0 0 0.01
w 320 96 560 96 0
w 560 96 560 128 0
w 320 128 320 96 0
w 320 176 320 208 0
w 560 176 560 208 0
w 320 208 320 288 0
w 560 208 560 288 0
w 560 320 576 336 0
g 576 336 576 368 0 0
s 576 432 624 432 0 1 true
w 352 304 400 304 0
w 480 304 528 304 0
w 336 432 304 432 0
w 544 432 576 432 0
w 624 432 656 432 0
w 256 432 224 432 0
w 320 208 336 208 0
w 560 208 544 208 0
r 336 208 384 208 0 1000
r 544 208 496 208 0 1000
w 384 208 480 304 0
w 496 208 400 304 0
R 160 432 176 432 0 0 40 5 0 0 0.5
w 160 432 224 432 0
R 720 432 704 432 0 0 40 5 0 0 0.5
w 720 432 656 432 0
w 400 304 400 320 0
w 480 304 480 320 0
r 400 320 400 368 0 1000
r 480 320 480 368 0 1000
w 480 368 480 432 0
w 480 432 544 432 0
w 400 368 400 432 0
w 400 432 336 432 0
